13222433470105
02203940470408
06091132490210
10204044460103
22293139460307
02031216450211
19232627460210
13182635370811
01233136480508
16173536490110
02131426290506
08112332440910
07161820320103
01043134400405
13193038460412
08111216440407
02151723360308
04071920340204
03040912200506
24272830490112
23313742480307
08131424260102
13171820460409
23243537450912
02072128450511
13202327420509
05101927300506
08193241420912
14233948500312
27284448500712
10182133450812
16171845490912
02091239400103
04071839500308
07151846491012
02031936370609
08273035470910
06143444490412
10204143450212
02133738480509
06283739430912
17304248500408
04062024250509
04101438500912
12162733440708
15202939480107
19293446470203
02242646500207
13163644500305
10213038420212
08101130390410
08213139470509
05072040500210
29333548490308
08161831340609
02202840450105
10172035400304
21262840410204
18202233430309
21293134430209
06202224450405
09111321320207
02061419230507
03232434350508
10153141420205
12142145480811
05143640420211
10202126330304
01072441481012
04053537430506
21233240490811
16173435440510
02092332400607
23253044470912
03050932430610
04061013340305
08093335400306
15203144480103
25273540450711
07323334380609
05071127370612
07313335360710
04123435450109
05082935480506
02112842480409
02111219380408
14172336440208
01062529360710
17222327440107
01031133461011
11172832350506
07263441440911
15162141500506
18263641501112
13213239500210
03121525431011
27293233470208
15253738410107
05061423340211
18273441490309
04060914370411	
09101339440406
13172128460709
03081834490307	
07324447480708	
11131623340110
10293040450112
07081833420208
17212335371011
04113744490607
10141619290210
05262836460612
10163133500308
16182834470510
16213436440910
05122536460610
01092029320203
05152637490811	
16262831461112
09163738480207
11132435500611
03060824501011
12293337470510
07233442480103	
21223441490207	
08232742450109
24263843460203
03132536470308
02083444470309
02141732450310
07121933430307
08091519311012
11274143470711
03061340420711
18213046500206
04132533370510
11133440420310
16313544450412
20212945460310
17344247480109
19313334430305
16172326350511	
01111720270405
02151935440207
03091226301011
08273146500103
12202526270812
12213539450611
15202435380812	
19213537390206
21222429420311
13161935410111
13212431330112
02192425440210
03053233500108
02113745470203	
19374247480106
14162128350111
07243439460106
25262838400106
03051342480106
24282934480307
08233235400108
26274245500112
03182842430312
01021116260312
04202134440103
14152235480308
11212332480312
10273645490304
09121540470111
17232426270409
07102229440405
07121320450312
04061015190104
22232538441112	
19263139480203
02091319380206
10142532390708
14173435420610
18192127470511
03293335440810
07182840480811
03233843480308
03051725270109
16182932500411
06232740410212
09172938390710
14182425500611
28313543460407
07102545480306
06182434460312
10354247480211
10172844500812
06233639470810
19212231380711	
02072734400311
17263637400912
06161725310206
12282934480911
03101342490309
15232834480305	
10132736370210
08222332500309	
05283048490511
03111745480408
03252728290409
03081824400311
08202647480308	
10112036370307	
04252834450811
06112135360109
02121728460610	
06243032480506
21303135470210
01151638450411
01111324490506
02072131450410
08113342430611
06102427290512
07172129400811
01091417430612
01021219260208
12192223480206
12182125310209
06204042431012
08242639420305
10132430420105
05091426320307
25384143500610
09203133440212
13183842450711
06203437430710
03253843490307	
01193638490609
10252934450910
06161839470204
05143536390712
03121924300205
06172531460912	
04233233440912
02143744500711
18283536410611
07222543490607
04061517290912	
02262834410510
12172134380203	
01021530350207
19213747480306
11213338420208
22313846470711	
21222932460910
19202633430104
01204142500307
17213642460710	
22263847500206
09192132360304
02091547500609
17252633360108
02122530410811
02031729430104
10152832490309	
12152042440102
12172233390212
04203640410106
21263134490205
06132245491011
01102342460305
11131436450709
01151926480612
06071233390107
02122027411012
20252630380208
05070810340109
12183538450208
01060718280208
07193542430709
05071329350307
05131732430210
02033146500812
19213644500310
03091920230911
12314142470406
06124447490812
09374748490207
07142126320412
17212345460711
10233335370510
05091921251012
23242634500204
03121941480609	
05164247490311
05060811220304	
06193637490411
02052127420911	
09142938490710
06122024480506
01293033360312
06242627410308
11202730410305
11212630310203
09172133390711
02112636470709	
07203640460204
03102635440607
11131634400112
01212630380208
02091315350310
05133839400412
06161829380611
14253443460506
14223338470809
03101328460411
01162428460211
13142435490110
03141519290208
05172841461011	
06112940480509
16203147500208
02083235440811
02213738500708
04213440470205
24272829420408
10123749500308	
02262936490309
03093543440110
23253235470206
04060911441011
01162132331112
04053946480710
02192426490607	
06122229330611
09183039450103
04122546480712	
05092529300607
07233032360812
05102431370910
12193744450206
18203538480912
01052736420106
05072537400208
08164244470607
25273135430506
04102738400311
02101834350609
18233741420406
12343738420103
16283244480109
07323940450308
16212730320305	
02101642500411	
02031317210708
09132129350102
06091324410312
01042124460212
14202734380111
14202947490412
02050814160809
25333842500812
28293948500507
16192530440206
01051728310110
03192932380512	
07123740500102
05071820300607
12162021280309	
13152832440312	
10151921230312
05061537420304	
15333840500306	
05143841460110
11153541500508
04213641470911
06121540450309
04141641441112
19233437450107
16252839400106
02101925450107
16202530380608
34384243450912
02093135410912
06222940430407
04081033460811
07121617310709	
07183037390810
10153544500305
06121734420512
09101942490412
08131442500309
05202136410611	
01020515420508
21243046490205	
09131517340207	
08092728500412
14152429420204	
07152741430709
11223037470910
15172330380207
12162333410810
04162737390306
01061128420210
01101221260511
02121946490108
05141924430311
04091117390210
02243945460408
05152736460208
05111724370306	
10122226490711
04081119460408
04091421270406
03182227320207
05253237430607
11233234390106
09162937390411
08253233380709	
02102227410203
19203845470206	
15232628320105
01051921280407	
10111423280608
16283237450111	
06293435400411
03101733390104
04051433480712	
16193446500206	
12172430360109	
11142741460203
07122630331011
03092034400612
05070816200212	
03112127360910
11233037430512
15384345460111
04142744450110
08112022230304
01041827420406
07233032450509	
11323438470210
05203541490610
24263243460610
09151725400309
21233335470607
13182023300204
01192731380405
03040609240508
10112436460305
08192029440308	
21252939440809
06173244460206
05081237430611
05152036470812
26313341480204
01072226350510
03111314470306	
08243032340304
01071225490609
09161823320210
02101921470208
01032739460110	
18313238480412
03071242500608
02031519340508
03213234480311
08101530420406
03132032340411
01212325390204
08172023450208
09142533480212
02203944480507
16182842490510
34373940500410
02053233470708
08182241421112
03283132340405
02141942450506
07101544490312
06093541440609
02111840460104
24374143460208
02334247480102
08212538500408
22374344450112
01122742470607
03222530490306
10132240480205
07113839440710
25274546490406
08263543470109
04173542450208	
20222324370104
09102737420105
13293133400203
02143541421011
12132936380412
13223344500205
15202327400306
02052737420310
01141923380307
13141726280207
03051318390708
02313945470408	
07293236410607	
02092034420609
11192944450812	
01031633490211
06262734460109
05080925390307
12243740440307
01133031390207	
25273942461112	
01041620340205
09313239410208
01232426350111
07192028290105
05162330490607
32333439470812
16284243450607
10141725500210
01042745480107
07202632470211
02092027430506	
05122026480211
14333547500911	
18232742440207
07083241490511
01081544490211
01283536460609
18212938410111
01071029450305
02091626360607
13232632470610	
12192343470206
04172630430611	
01060934470712
03152442460912
05071319310209
17181924400408
06101639460811
06091926311112
03152935470304
03272933500307
01081819390709
15273438490210
06343641500105
11121339460710
14253137430203
03212641460106
14242632390308	
01061315160610
09232941490810
05061630460510	
22252933350306
01193139480106
03192231320211
07111927370610
01081125280406
13163435451012
04050831430209
02121534500304
01091839480507	
12293842440212	
04071323420103
11172637480110
19202142450809	
03101223260112	
04161718320211	
05082526300310	
06193945480712
09101328410112
02071013420306
14173237491112
14243640430209
05151737440711
17232743440112
05182131350609
01020521320212
01032947480312
15283740420106	
04091231430508
03123644450811
08162426350311
07172937450311
02040827500209
06152030380407	
05072125370304
03081032450412
01033340450304	
09183238460203
04232731500108
05142830470411
04303138420406
04163242460812
03143136500112
16234243491012
02151824430812
01151825310911
18203643440309
16282930360810
07263638430612
20253442450611
11172223410611
02042339400309
02154043460306
04062748500111
01041421490212
03082633450710
08303338480210
01121529480305
15212340480312
15162034500407
14253941440208
07192642500409
23263338490112	
07212336380608
08193243460208	
09152239460405
17182429400405
06112038430204
13151628410405
01113741480812
05081013310306
04162031390212	
03223449500811
17253539440205	
06122339450912	
06151742480406
12244041460512
20232830440307
03162539440711
15273339500406
05253448500607
14273946481112
01293345470408
03081640430508
12172835470711
17202340460910
05071146500811	
26293739440911
04172427311011
09111333490612
09142132440112
15202631440209
02073445480112
03314148500811
10171828470307
06141925290511
10122332500410
10131721440110
22313638440111
08172834380612
14343639480203
11152127350405
06152428480409
05080923240708
03081744500207
20233134460312
13212330450406
06121538490209
02052038410408
10202128480108
04082223480112
04173043440210
05243031430306
08153038460407
25303142500211
20373944500408
04223032340304
11364344480207	
05242935461112
01061218420207
19242830500310
02101428310507
20263536420512
14163940410810
13222936370109
07192037410212
05121733410409
01123643460305
03162332390104
09111327330710
04172327300308
13171926360203
23293745500511
04213436370306
01091519250107
06243248500105
07181932480307
01294041480612
06113139420103
01082130450203
13183744490912
10172729350411
09244247490105
06091828290109
03070814490508
04121532380105
01050715470912
03101217270305
02243942450208
10143035460410
18283946480512
15252640410405
29303640410209
14212429300810
05092931410204
12144344480211
01080926490509
01252741450507
11142021470710
14222642500810
11203537450306
10222537490508
17353947500608
09172128450103
03042131380307
11182643440810
15173841420912	
03122227490411
09202739431011
20222537400307
08102433420309
07122738480609
05072636390210
08152527420104
09111219300409
08111520300308
02202829440309
08121622260607
03073035430103
06192325271112
14202530390208
09111932430309
02131622490405
17223138450512
04142023330610
05212231490208
02101935500607
01092433340206
17242628450412
09133133460610
02172127340509
01202344470411
06101929360309
03052136440306
31363847490811
06374148500405
02112930470112
10203135420212
02041322430809
13194145490304
19253336480209
02102440440310
07212635430209
04103138440810	
03041546500509
03041723440609
17202845480509
01050717230308
10172731490305
04162543470210
03071626500407
02112935440409
10141821490911
19232734490111
08102229470103
03222532390712
04162039460205
13151721270203
06103041450411
14282948500208
06122837400105
01071127450409
06112331320212	
21262728380911
05111723281011	
05103334470210
03122732470608
07153642480307
03222338490209
05094749500809
07111244480307
06102029370109
10161923430208
03152021280105
09202344480810
02172125270609
07131931340111
05122024370411
02122027300911
04071434380411
17353743440210
06091339410212
14163942490309
01041041450609
05081422320211
04071635440103
04111517280103
12243034450710
08163240500211
13162935420608
01092830480708
02233137450408
05062225340507
02263437460408
02152836500211
12194344450510
16192435370207
02082738460206
01212640500204
03101345490211
07242637450509
19242836370306
02111314210108	
03072633410210
08121833440408
01102938480304
02111340500110
26323743490405
11192728390310
05173235490105
01071827430408
13343942500911
14213542430709	
19263545490205
07233133390610
06122630480607
13252743460408
16172334370609
09143041450409
15273236390310
07152831421011
02262740490510
32344045480110
08232434380307
04052528430611
10173132420205
17263234430210	
11141527440207
13143237480107
01050922380210
06082643490610
03050919400205
02162325490609	
01041925360311
12193642430508
12152642490508
14192124490511
05071034440210
01212640430609
01080914230107
09141623400105
04071328371011
05131533500911
23253237420111
13143032390309
03102237500610
03202831490205
06091328370405
03273241460408
06091021360206
01052329320107
15243840480209
10122730470809
02303843460207
10193843460111	
01021030440108
05263335400308
06103136390610
04373839440407
05203132360607
03102527400309
18192040410710
06222629480506
08112327350411
03052140430611
12172938480911
08171827390107
02152535450810
16293037500608
09141617261011
04303446490708
06072337381011
10171833400208
06131839430208
03172638400410
08273946490206
08131721340607
11122025360609
07253032390208
17192130450810
07282943480310
12152629470311
01404243470911
11202229320108
07182132350211
11142629490309
13142330370208
14232627290710
07293334390708
08151744490508
10181929500109
14163940420104
08092745500810
06192127450108
11293031340407
27313342500205
04161843470610
07101112190209
04073944450305
02030815160411
01052139440411
10153945500910
16213440500609
23323643490708
02092135460211
14202729440710
01212243480709
06181934360108
05081535410405
06071833410310
11121518440309
11152834370108
03061019240507
04162238490609	
07142031420309
10151636370309
05081011370709
05091732340608
02070845480109
07232937410108
03042045480608	
05060721240506
18243544450511
26303135370811
05354244470809
14293040460306
07141947490310
01101720420809
03192025260610
24262836450710
05192931400310
06141742450108
02243034390811
24323435490102
22232530430509
18253944500508
27293739490204
08202428490809
02303239440610
10242639400310
03143742480110
11232638440108
04051822230103
02062330310210
23304749500207
06081113210708
05141725470910
03252834500111
04101437460407
02051830430110
12243942440311	
13172030450910	
10263039500708	
17313344500711
09131519240308
05103133400810
06293038450108
15334144470810	
29303234460306	
08172131340910	
06212432450111
14203038490304	
22242528490306
06183944500811
17262745490203
08091925490210	
23293139440508
03071213250508
02152831370406
01033142460411	
05083747480203
03152544490109
06101523410410
03072532360106
04072832370510
02031736380411	
17323638480508
02142136460711
13253238460110
01061317260305
10132033410309
10151740450102
03092030420106
20212733400310
01134048490810
04051523320307
06294245470910
09212830380108
04132348500510	
03131533420507
13273546470102
12131429350107
06083438480309
04293035500204
09132631330711
08151924350810
01182346500309
05253139450108
02092632380306
10223645480411
04172935490102
04071134470708
04052123300810
07161922330205
21293543460109
05071921420511	
24444648500510
10233540430309
09101224430509
01244345500508
01112941430311
15182027340103
05223538490407
08182224270411
04183943470206
18222527390510
31333439450210
01072021480407	
05152538490102
11133740480809
16182228460911
12182132330111
07253440490911
02153239440510	
05242741450607
07131625260106
03083134470911
05333638470409
23262937400304
04133034470206
03212628450710
05192431370109	
04303138420211
18232635440311
13212444490109	
13152024460108
21243139470307
03142647500711
08121930330411
11182942490411
06102845501011	
16182638440810
03041928430307	
07202628500208
07303739420507
08273436390510
06242527300509
01042333440708	
05103840410108
03052227440106
12323843440207
21252835420406
13172830320507	
23263637490607	
02040619390207
08172541470102
03171946470910	
01213337380408
08101516310809	
18202342480209
05193435410105
04123542480508
19263233420410
18202526371011
01021127290110
02202733450610
03273138440308
13202429450307
01061322280510
05193143500206
12131722430310
06082737410710
01222324310611
06243549500107
01021831360710	
06131529320209
02071023430407	
19232742440305	
13252640500809
14151936450110
03131529420104
14293740480211
20283542430810
06121335380203
07192930330308
09103032370206
02031031380610
29333941440911
05253646470206
18273943470407
06121723430509
23242633420305
06202435500510
19232544480809
11153841430206
10202628430911
05113538450203	
13172142440911
04061427330510	
07111428300210
11232532370407
05091618420709
02172536450509
07303840430206	
01062630370508
05114249500811
20242737390510
05172047500104
04070923240809
16173147490311
21363742480407
03041114430106
12232938490304
14151619440405
13162426350205
19233447500406
18263233420203
16183138490410
04121528330110
11131428300405	
01152835470107
04051327350102
10113036450102
17243341440111
10254147480610
05070925410105
07142645500207
31333437400106
27282934430510
08132634380311
07172227400203
07081928290509
06202425500910	
07082427360511
01323545480411
13272842430406
03053440490203
13364043500509
11162438400205
01040710500411
01084246480407
01112233500406
05101528450309
15353844480510
01111732390207	
12172529410104	
13304344460509
04263042440611
12273234490809
19323537440109
04142124390310
02041022500508
03202328420811
08193133390207
01112936420405
03121317300206
15162836370211
12152830440809
02042228420409	
05111625280709
09111434441011
06253140450607
05213437380106
09162636390206
03101831370204	
01104445480104
04262730390310
22384042470111
04222937410407
02202226470509
04102227410810
02070836490111
17242627490305
14182023320310
03052240420310
14182035440205
10112940430311	
01040943500608
10161831420205
05102829440204
10182324400304	
06102344490107
01091120400105	
28304245490510
10151923410209
11162124290206
14212228470405
07202535410109
03061011440304
23242531440203
05060927380511
01283538500210
16293740440810	
10324041490208	
06071735430208	
02081023250809
09161819210203
04162136420708
20232630330609
07252748490104
04193441430711	
06073839440709	
03102327440709
06152237440204
13153035420406
11171839440510
16283133480711
01182526440405
05061219370307
04051738480304	
19252833440208
01163842450910
11172148500910
20273446500203
24343542460105	
04293536390809
14152123480210
04161825440111
10192345490910
02072443460810
08182535460409
01031624370108
31323840420103
02072227400306
14172829390111	
01112022350810
14181943490307	
07172035500511	
10222738480307
08152630480910
05112234400911
13343747490809
02041426360910
08151725280311
12223546490208
16313237410107
13294347500911	
02111326500205
01131738440211
03213438480508
03263940410102
04051519410911	
20273036430106
08092443480305
03062932411011
10283348490110	
08132639430305
22252736370509
11203035450203	
01081825300910
04172336460610
24272934360708
09152331500811
15162830460304	
03041223500407
01102543470809	
03323639470609
23242737470206	
05061130440206
01101733480203
03071226340810
11142425290711	
04112838471011
14273642460811	
03081431410711
03151728330204
16192025280110
09343843450204
10131939440206	
01020620360811
02102227280608
12223031440506
13142127390608	
04091030400209
01061012310207
03304245490510
16364344500708
19212526440307
07212224280111	
01091214480107
02051023310205
07121833370111
12212944470102	
19202134380309	
07273040430809
11254145500207	
14192628340508
16182438400204
04122439440204	
06172245470311
01041823300307	
01041529400105
11144143500209	
14202345460111
16172039500408
12222728390410
02193337460508
18233746480210	
12232932470305
01041216480910	
18263438420508
14162338450811
05152831440106
18272835400305
06143334480206
09192536380711
02081739420310	
09283032490910
05212831340102
35424748500809
12263738440407
02081019460509
12222533450507	
04061442500204
06141628310211
01131718450308	
07102027370407
07232434360811
13141832340110
05081424330308
12192737380510
01052225480311	
04152349500206
03162526350509
06263334390304
17193842450910
12132340490710	
11282947490105
08112331460809
15163044500203
05162030410611
17203549500304	
11162122440308	
05121941480810
03192037480811
06253638400410
04394049500205
01091022500511
09172528490809
16232426290209
10142025420811	
20213745460203
09111736470102
03101528450507
11162022280409
15253840410102
11223645480104
04062139410206
21233847500206
04172122330408	
06122127330307
01132026500607
17192437460207
11252728410508	
12134245480309
02031545490509
12141519230708
02112435470509
13232441420105
03111318210405
02142439440607
01223248500607
02243438430107
19363842460208	
03202935420308	
02031033460708
08192832460407
09283641490507
12153236450709
07192329470106
21233340500405
16202232420809
04050911390305
02313638430307
09303539460608
01040627480106
01041640480109
17272938500103
17213541450105
13242647490408
01061330490109
05273140420106
04091521470207
13252829420405	
03041128390208
04133537460309
38394546490708
09243739490309
12133641460108
01081828310809
02293132380104	
02222436440102
04173440420409
04093132330307	
07193038500407
01173143470203	
03061521320709	
06222425360308
03070843460608
09111726400309
07212324440304
12182426450405
08161837430206
10283038390207
01263336460607
12181943490309
07111829420607
12313738430203
01051838450406
34353839460304
09173039430507
04222736440709	
11262949500407
04051444460809	
09222427360507
04051417340305
14303235490308
20414344460209
18192530440103
05081315330809	
05092843470209
13152526320304
11193443450509
09333538400206
06182029310208
12233031470304
07112946500407
22232429440105
06171821340309
06163038410204
12153542430406
06092038390309
08363741490507
04071631420305
05082430490309
10202224310207
05092021260306
14152535470509
02081732500307	
06162042460106
21293446470608
06112130390208
04161720290507
06141634500406
11192635400205
02053037470306
04131433430106
08181920420509
04232429310809	
05193138470305	
04142124410508
04072144470105
09141637460204
02202432460109
25333638420607
12162331350406	
12242636420104	
13171925350506
05093744450609	
09121314480102
22333640420102
10203036400305	
04293435460508	
32333640490208	
03172249500306
07152228480104
29303637480106
01022644500107
28294046500507
02192842490207
04082135450508	
08111625410204
09142149500308	
08101421260304
01091217180304
03182534410205
07151617450609	
03101242500105	
04152231410106
04131923380203
14293133370102
14161920310609	
19233337500307
07121617390308
02202537390508	
07272939500507
11171826310506
04051516450407
01222540500108
07111524290207
10141629440506
09111319370304	
07192227480507
05202644500507
08113637450305	
13163744500109	
07192140500209
05071420490208
05091921380107
06091525380409
08094042450607
02263745480408
04192627300308
03060727500509
06253045500507	
11131837470106	
05091729390306
02101822360406	
13212535480408
02071417350106	
12374047490209
04273246500809
12272945460407
17283038440104
22304547490409
02060919450708	
14162340460408
08243649500408
10122425410305
20212231450709
07092837440607
08253036440304
02043243480107
12192030380709	
02102229480309
09182333370108
05142225360506	
03161819400102	
07203840430108
07183435400708
21323646470304
11202735440205
22303435440405
01173235370108
05091129330709
02033334420305	
06182223370506
01031642480203
02031338420708
23404243490206
10303337410108
01042129410708
10212526500409	
09131531480306
04051939410809
08122833450103
11161722340506	
05071421400308
01151725450208
06223741420609
25262949500708
26343739490206
07122629490206
06173541450105
07182736440102	
23263241450307
07202538410307	
15232941480306
09171941460108
05131740430103
04143145490409
02032543480609
03163438480508
02151820220205
08192039500609
14163036460208
14232730360106
11152330380409
05132733420204	
08111419250305	
17192936450506
06091314350304
09112038430203
09233537420307
16171836470102
04081637410205
05081725400105
12223233360206
14212730360203
11132444490309
03040844500708
10193445470306
02253238410305
05112235380708
01030618240508
10293045490308
06101626490709
01101232330108
03072545500609
10284047480608
12373940500102
27283146470205
01141526320307
03081229430607	
02040938500608
07091835430507
06151640430102	
09213043440109
01162630360309
03121534390406
07082741480106
02122141490307
03052534490508
05202334500105	
04081416500309
05101722330507
01202237460109
16263435490206
12132944500405
03203145500607
17283335470409
05324445500107
01213345490408
03050810440305
01111819470307
04232426380204
05063848500607	
09213039500103
09152140490104	
12153344500206
08121933340106
02060914260405	
08161943450104
15313637420107
02031518320607	
11183538420105
01092023300407
01062739470106
17182534480203	
15163641420305
26363738420206
14364447500305
01141929330108
10111920230106
02132126440309
06114748500106
01263134470409	
12131921380309
08121931500607
03041443500306	
09293540410106
11242931410103
15233037400709
02112122300406
03192649500405
03144148490104
01111223420306
35364246490208
04052325280304
06081415450708
04081018210107
06073237470107
03081117500105
02243148500409
06071328470508
12173132400209	
07122126440608
03093539420108
03101324470509
06283138420309
07112531500103
25264144470307
04293337380609
06233943480507
08122340430104
12243237390709
03273043440408
20212632460809	
11132532500407
01081130400708
07212643450507
10121424260508
06111419290103
03232747500203
07082425470809
03042729370506	
15192246490209
01031316430207
01111542490304
01042434360608
01182934370206
04111213320309
06192542490107
01083235380409	
01092325400309	
14212237430508
01101216480206
12202145480506
21262744480107
15182939410508
05253336380205
08121415340607
01112228440109
06091027350608
20274143500508
05152435440506
09101937500106
07102731340308
24263138500508
02051219440809
04232428340103
03213034350102
02232840430206
02070810470107
09133441420307
06113541440506
15293739490409
01032132390206
15162136380105
05061623270607
06102145490305
14152835400103
01041019230208
04122427360209
03041023430204
33363742450409
15242844470405
04073337390105
14181931370405
07133947500205
16293236410709